79
84
89
87
87
86
91
87
89
88
88
91
86
89
90
89
87
86
86
86
87
86
85
83
85
85
83
85
85
82
85
85
86
84
85
82
85
84
82
81
82
82
81
77
78
78
79
78
78
76
79
73
72
72
73
75
74
73
75
73
73
75
75
75
75
76
75
78
93
77
78
79
77
76
79
77
78
79
79
77
77
80
81
80
79
83
78
79
80
81
82
79
82
82
81
82
82
82
83
82
82
82
79
80
82
82
83
83
87
89
82
85
85
85
90
86
86
90
88
87
89
89
90
88
90
90
86
89
86
88
88
89
90
93
91
90
92
90
91
92
91
94
92
90
90
94
89
90
92
92
89
91
92
92
88
95
91
94
90
87
85
92
89
89
90
88
86
89
87
88
86
85
86
84
84
86
82
82
82
82
80
79
82
80
78
77
78
80
76
76
77
77
75
78
77
77
78
79
78
78
80
82
82
82
83
82
82
85
84
82
82
82
85
82
82
81
82
81
81
81
84
82
84
80
82
82
83
79
80
78
81
81
81
78
83
78
82
78
79
80
78
80
82
80
80
79
82
82
81
84
85
86
87
83
85
87
85
88
89
85
86
87
91
85
89
88
86
88
89
88
89
88
91
90
89
86
88
87
87
85
86
88
85
85
86
86
85
84
82
82
82
82
84
83
81
82
81
82
79