65
66
81
70
82
71
82
70
80
68
77
70
81
70
82
72
80
70
79
71
79
71
79
69
75
70
79
69
80
68
78
71
78
70
78
69
80
70
75
68
78
69
79
69
80
68
78
69
78
68
67
68
68
67
68
69
69
70
70
70
69
69
71
69
68
68
69
69
70
69
68
69
67
69
71
69
70
71
71
68
72
71
70
71
73
71
71
72
69
70
73
72
74
73
72
71
72
74
72
75
74
76
74
74
75
74
72
74
75
74
73
74
74
73
73
76
72
74
75
73
76
74
74
75
73
73
75
73
76
76
74
76
76
75
75
75
75
74
73
75
75
74
77
74
76
77
75
76
74
79
76
76
76
76
77
76
79
77
77
78
77
76
76
79
77
79
76
78
78
77
78
78
79
80
78
79
79
79
78
82
81
78
80
79
80
82
81
82
81
79
80
82
81
81
83
82
82
82
81
81
82
83
81
81
81
83
82
82
82
82
82
82
82
82
82
81
82
83
83
82
82
82
82
82
84
82
85
82
82
83
83
84
82
84
83
82
84
84
84
84
83
84
82
85
82
87
85
86
82
82
85
83
83
83
86
85
83
82
85
88
84
85
86
87
83
83
85
86
86
82
86
86
85
83
83
84
86
86
84
85
85
84
83
85
86
86
86
84
87
84
85
83
84
85
83
85
85
84
87
84
83
86
84
84
86
86
87
87
83
85
85
85
84
88
85
88
85
85
89
86
85
89
85
86
86
85
87
87
85
84
84
85
85
87
86
88
84
86
86
87
85
87
88
85
87
86
83
86
86
86
85
86
85
85
86
85
86
87
85
86
85
85
86
85
84
85
85
86
86
85
86
84
87
85
85
88
84
86
85
86
87
85
86
85
85
86
87
85
84
84
84
84
84
87
85
85
86
85
85
84
86
85
86
85
86
84
84
83
82
84
83
83
82
84
82
83
82
82
83
84
84
82
83
83
84
82
85
84
83
85
83
83
85
82
82
83
84
84
84
84
85
82
82
84
81
84
84
82
82
83
83
82
82
82
82
83
83
82
83
83
83
82
83
83
83
84
84
82
84
82
83
83
82
83
83
83
82
82
82
83
82
83
82
82
83
85
82
82
82
82
83
83
82
83
82
82
82
83
81
82
82
83
82
82
80
81
80
82
81
81
82
79
82
82
82
82
82
83
82
82
78
82
82
82
82
79
82
81
80
77
81
78
81
79
82
78
82
81
82
80
78
79
81
78
80
80
81
78
80
78
78
80
82
79
80
80
78
80
79
78
79
80
81
78
79
80
79
80
79
80
79
82
82
82
80
81
79
82
82
80
79
81
79
80
81
82
81
80
81
80
82
82
79
82
82
82
81
82
80
80
82
82
83
83
82
82
82
83
81
83
83
83
84
83
82
82
82
82
84
82
84
84
84
84
82
84
83
85
85
82
82
84
83
83
83
82
84
85
84
83
82
84
84
84
82
82
86
85
82
83
83
83
82
83
82
83
85
85
84
83
82
83
83
82
82
82
83
82
83
82
84
83
82
82
82
85
83
82
85
82
85
85
85
85
82
81
84
85
83
84
84
82
82
83
83
82
84
83
82
83
83
83
83
82
82
82
82
81
81
83
83
84
82
84
82
81
82
82
82
82
81
82
84
83
82
82
84
83
83
83
81
84
86
87
84
84
87
83
83
82
83
85
83
84
84
86
82
85
87
84
85
85
86
84
87
84
84
85
84
86
83
86
83
85
85
85
86
86
84
87
84
85
87
85
87
86
85
85
87
87
85
88
87
86
85
87
86
86
86
86
87
84
86
88
84
87
87
87
88
85