83
82
87
85
87
84
85
86
84
86
85
86
85
86
90
89
87
85
88
87
88
88
86
88
87
87
88
89
86
88
86
88
87
88
86
86
90
88
90
90
91
88
91
91
86
91
90
92
93
92
92
91
91
90
89
89
90
90
92
90
88
92
89
91
92
92
91
91
92
91
93
91
92
94
93
94
95
93
97
95
93
93
92
93
90
91
93
93
94
93
92
94
93
94
94
96
94
93
92
92
90
92
91
93
91
92
92
92
89
90
91
89
90
89
91
90
90
88
89
89
93
90
89
90
89
88
91
92
91
89
89
91
92
92
89
92
91
91
91
89
92
89
89
91
88
87
90
90
89
77
76
78
76
77
76
77
77
76
78
79
81
78
77
77
80
85
88
87
89
95
98
102
106
105
106
107
108
119
120
117
120
122
121
120
122
112
114
105
107
107
106
103
96
89
89
91
92
92
93
93
91
94
93
87
88
88
87
86
86
86
86
87
86
86
87
86
88
86
86
90
86
84
86
87
87
88
85
84
82
76
265
203
161
116
119
84
83
81
82
82
82
82
86
83
83
82
83
86
82
84
84
85
84
85
84
84
86
86
88
87
86
86
87
86
89
87
86
87
88
88
90
88
85
87
87
83
82
82
85
84
86
82
84
84
84
82
81
84
82
83
84
84
83
82
84
83
82
84
86
81
82
82
83
82
83
82
83
83
84
83
82
84
84
82
82
82
82
83
80
81
83
82
84
81
81
83
82
82
84
83
82
82
82
82
83
82
82
82
82
82
82
82
82
82
84
81
82
82
82
81
82
82
83
82
83
81
82
82
80
82
82
83
81
80
80
82
84
83
84
85
85
82
85
83
84
84
85
83
84
82
83
82
81
83
82
81
84
82
81
82
81
82
81
80
82
82
81
82
81
80