176
175
178
179
175
174
172
169
169
159
159
158
161
151
133
136
139
139
138
140
139
141
141
140
142
141
143
142
144
145
144
145
146
145
148
148
150
150
151
154
151
156
154
157
157
158
161
162
166
193
190
194
202
206
214
215
224
226
229
223
223
214
208
196
191
191
185
180
176
167
166
160
159
153
154
131
132
133
133
133
133
133
130
132
136
135
134
133
134
135
136
137
135
136
136
137
138
136
136
139
141
139
139
139
137
138
136
136
136
133
133
129
133
134
131
128
126
127
124
281
128
121
119
120
262
230
122
129
119
190
130
124
183
131
129
176
179
136
137
132
131
131
135
136
136
136
139
136
139
139
138
142
143
144
145
147
150
154
156
159
193
190
197
203
209
216
221
228
242
249
204
252
193
232
216
205
198
185
179
173
172
170
162
164
166
158
160
152
156
151
151
149
152
124
150
130
132
133
133
137
136
136
138
140
137
139
142
141
144
145
148
148
175
167
166
170
176
174
179
176
176
176
177
176
174
179
180
177
176
176
175
171
168
161
160
160
161
157
158
154
136
136
135
136