76
78
88
91
91
90
90
95
93
94
94
91
91
95
95
96
97
98
97
100
101
84
97
101
86
104
105
87
101
90
106
92
107
94
107
93
111
94
109
96
108
96
109
96
105
103
94
103
101
87
102
100
101
98
98
98
95
93
94
94
94
92
89
90
88
88
88
88
86
87
87
88
88
88
88
85
87
88
87
87
86
87
86
87
88
87
90
88
86
88
89
89
88
89
90
89
90
91
88
89
92
91
91
93
92
93
95
93
95
95
94
96
95
96
97
97
98
98
101
100
99
103
103
101
112
89
106
114
93
109
94
111
99
115
101
123
99
102
122
101
100
120
100
100
102
102
102
101
103
101
97
133
98
93
108
89
103
113
82
97
93
93
91
92
92
89
88
89
88
86
85
87
87
85
86
86
86
87
84
83
84
82
84
85
86
83
85
83
82
83
84
83
86
83
84
83
83
85
83
86
85
87
87
86
88
89
86
89
88
86
88
91
91
91
91
91
92
93
95
94
96
96
97
101
101
95
88
100
100
89
100
103
89
103
92
104
94
105
96
107
95
106
97
97
98
97
96
99
97
100
100
98
101
101
99
99
98
97
98
96
96
96
98
98
96
95
96
94
95
94
94
96
96
95
95
95
95
95
96
95
95
98
99
101
96
97
99
98
99
97
98
97
100
99
101
99
101
102
99
102
102
104
104
104
104
104
107
107
109
108
112
112
99
117
116
101
113
116
103
116
106
122
107
124
108
113
123
111
112
114
113
112
118
115
117
115
117
117
118
119
123
124
123
121
126
127
129
127
128
138
138
139
141
141
140
143
137
135
135
132
123
120
122
118
118
119
119
118
116
114
113
107
107
110
105
97
107
106
89
104
106
101
101
100
100
98
98
98
98
101
96
97
97
98
96
99
98
97
98
96